         20.000000000000            8.373850932830
         20.360000000000            8.177482815448
         20.720000000000            7.991879403227
         21.090000000000            7.811567514909
         21.470000000000            7.636647653943
         21.850000000000            7.471413124133
         22.240000000000            7.311206033969
         22.640000000000            7.156074693318
         23.050000000000            7.006042436971
         23.460000000000            6.864462211370
         23.880000000000            6.727577704038
         24.300000000000            6.598364478592
         24.740000000000            6.470645435833
         25.180000000000            6.350196915533
         25.630000000000            6.233991700943
         26.090000000000            6.121974056803
         26.560000000000            6.014073206978
         27.030000000000            5.912306168514
         27.510000000000            5.814232988432
         28.010000000000            5.717891392302
         28.510000000000            5.627026193368
         29.020000000000            5.539537673072
         29.530000000000            5.456872590895
         30.060000000000            5.375653375470
         30.600000000000            5.297395373098
         31.150000000000            5.221934995432
         31.700000000000            5.150365753371
         32.270000000000            5.079906068395
         32.850000000000            5.011700377295
         33.440000000000            4.945551085142
         34.030000000000            4.882306339873
         34.640000000000            4.819625878138
         35.260000000000            4.758410152306
         35.890000000000            4.698473605753
         36.530000000000            4.639646178935
         37.190000000000            4.580902140246
         37.850000000000            4.523896305059
         38.530000000000            4.466802962219
         39.220000000000            4.410431889946
         39.920000000000            4.354749499711
         40.630000000000            4.299753017495
         41.360000000000            4.244722714157
         42.100000000000            4.190488991738
         42.850000000000            4.137113109110
         43.620000000000            4.083987003220
         44.400000000000            4.031909534725
         45.190000000000            3.980956485122
         46.000000000000            3.930589154801
         46.820000000000            3.881529562772
         47.660000000000            3.833271852968
         48.510000000000            3.786473731820
         49.380000000000            3.740658066455
         50.260000000000            3.696415151272
         51.160000000000            3.653296168237
         52.070000000000            3.611825343130
         53.000000000000            3.571583439609
         53.950000000000            3.532633462568
         54.910000000000            3.495407100436
         55.900000000000            3.459176478328
         56.900000000000            3.424715078451
         57.910000000000            3.391995539275
         58.950000000000            3.360400332909
         60.000000000000            3.330563219636
         61.070000000000            3.302192448812
         62.170000000000            3.275068487855
         63.280000000000            3.249698560928
         64.410000000000            3.225838223564
         65.560000000000            3.203496042030
         66.730000000000            3.182678190795
         67.930000000000            3.163234473523
         69.140000000000            3.145490920561
         70.380000000000            3.129153986715
         71.630000000000            3.114486412109
         72.920000000000            3.101154509214
         74.220000000000            3.089485512454
         75.550000000000            3.079294662275
         76.900000000000            3.070672494927
         78.270000000000            3.063612754694
         79.670000000000            3.058075298151
         81.100000000000            3.054087971857
         82.540000000000            3.051698706223
         84.020000000000            3.050865830213
         85.520000000000            3.051624537636
         87.050000000000            3.053986357004
         88.610000000000            3.057972461025
         90.190000000000            3.063562503722
         91.800000000000            3.070796430395
         93.450000000000            3.079751309220
         95.120000000000            3.090335568907
         96.820000000000            3.102614942098
         98.550000000000            3.116604499580
        100.310000000000            3.132318303373
        102.100000000000            3.149769400449
        103.930000000000            3.169079240076
        105.790000000000            3.190164751694
        107.680000000000            3.213035116382
        109.600000000000            3.237698289122
        111.560000000000            3.264300162033
        113.560000000000            3.292866860246
        115.590000000000            3.323268621043
        117.650000000000            3.355505926865
        119.760000000000            3.389909666425
        121.900000000000            3.426168426753
        124.080000000000            3.464452973716
        126.300000000000            3.504770002626
        128.550000000000            3.546931237225
        130.850000000000            3.591308182562
        133.190000000000            3.637706883878
        135.570000000000            3.686111109638
        138.000000000000            3.736707479438
        140.460000000000            3.789046723023
        142.970000000000            3.843511192336
        145.530000000000            3.900058365912
        148.130000000000            3.958404660197
        150.780000000000            4.018695623607
        153.480000000000            4.080838414098
        156.220000000000            4.144484896170
        159.010000000000            4.209725546494
        161.860000000000            4.276628476419
        164.750000000000            4.344524456448
        167.700000000000            4.413645982834
        170.690000000000            4.483247048958
        173.740000000000            4.553468627370
        176.850000000000            4.623924944426
        180.010000000000            4.693948468945
        183.230000000000            4.763254787672
        186.510000000000            4.831258849880
        189.840000000000            4.897109082889
        193.240000000000            4.960470338451
        196.690000000000            5.020174528038
        200.210000000000            5.075714511768
        203.790000000000            5.126019250328
        207.430000000000            5.170189731899
        211.140000000000            5.207444991516
        214.910000000000            5.236851304026
        218.750000000000            5.257769882417
        222.670000000000            5.269632106201
        226.650000000000            5.271997853983
        230.700000000000            5.264767718027
        234.820000000000            5.248048668481
        239.020000000000            5.222115725454
        243.290000000000            5.187562774224
        247.640000000000            5.145019626199
        252.070000000000            5.095302769991
        256.580000000000            5.039313902978
        261.160000000000            4.978130656380
        265.830000000000            4.912422812683
        270.590000000000            4.843078900524
        275.420000000000            4.771244473535
        280.350000000000            4.697260160796
        285.360000000000            4.622139198336
        290.460000000000            4.546373520170
        295.650000000000            4.470534122643
        300.940000000000            4.394982707271
        306.320000000000            4.320307010418
        311.800000000000            4.246755379113
        317.370000000000            4.174795476378
        323.050000000000            4.104462378222
        328.820000000000            4.036254147445
        334.700000000000            3.970146739287
        340.680000000000            3.906439571637
        346.770000000000            3.845183097999
        352.970000000000            3.786516579895
        359.280000000000            3.730555661505
        365.710000000000            3.677315190440
        372.250000000000            3.626962906353
        378.900000000000            3.579558674684
        385.670000000000            3.535085289195
        392.570000000000            3.493534905375
        399.590000000000            3.455013913160
        406.730000000000            3.419550272085
        414.000000000000            3.387121207275
        421.400000000000            3.357753229132
        428.940000000000            3.331433117676
        436.610000000000            3.308215764568
        444.410000000000            3.288108684006
        452.360000000000            3.271076374118
        460.450000000000            3.257158311570
        468.680000000000            3.246362189909
        477.060000000000            3.238685330812
        485.590000000000            3.234141036625
        494.270000000000            3.232739863265
        503.100000000000            3.234490103000
        512.100000000000            3.239412581498
        521.250000000000            3.247511340296
        530.570000000000            3.258817257141
        540.060000000000            3.273351810517
        549.710000000000            3.291115008415
        559.540000000000            3.312162383626
        569.540000000000            3.336494715440
        579.730000000000            3.364185985941
        590.090000000000            3.395206220516
        600.640000000000            3.429638693987
        611.380000000000            3.467513979002
        622.310000000000            3.508861656201
        633.430000000000            3.553710394413
        644.760000000000            3.602176004663
        656.290000000000            3.654253406905
        668.020000000000            3.709975571717
        679.960000000000            3.769425343024
        692.120000000000            3.832693391646
        704.490000000000            3.899767132064
        717.090000000000            3.970796067242
        729.910000000000            4.045766353894
        742.960000000000            4.124777008415
        756.240000000000            4.207869477141
        769.760000000000            4.295148289576
        783.520000000000            4.386655534036
        797.530000000000            4.482499338905
        811.790000000000            4.582720319931
        826.300000000000            4.687354554153
        841.070000000000            4.796507591713
        856.110000000000            4.910285604659
        871.420000000000            5.028715413401
        886.990000000000            5.151734045898
        902.850000000000            5.279585324082
        918.990000000000            5.412184097529
        935.420000000000            5.549586598225
        952.150000000000            5.691826412117
        969.170000000000            5.838729434390
        986.500000000000            5.990326263902
       1004.130000000000            6.146310410579
       1022.090000000000            6.306613578537
       1040.360000000000            6.470544655976
       1058.960000000000            6.637483577404
       1077.890000000000            6.806156774961
       1097.160000000000            6.974557386479
       1116.780000000000            7.139188340206
       1136.740000000000            7.293629692730
       1157.060000000000            7.426663267682
       1177.750000000000            7.519120379871
       1198.810000000000            7.546079576574
       1220.240000000000            7.493535554594
       1242.050000000000            7.373589749596
       1264.260000000000            7.211154455634
       1286.860000000000            7.026457940612
       1309.870000000000            6.831408440962
       1333.290000000000            6.632692921697
       1357.120000000000            6.434041526094
       1381.390000000000            6.237353101922
       1406.080000000000            6.044065107124
       1431.220000000000            5.854717399437
       1456.810000000000            5.669793618452
       1482.850000000000            5.489586298543
       1509.360000000000            5.314133792480
       1536.350000000000            5.143475637124
       1563.810000000000            4.977721551342
       1591.770000000000            4.816702743016
       1620.230000000000            4.660412162211
       1649.200000000000            4.508767275992
       1678.680000000000            4.361725300426
       1708.690000000000            4.219135776810
       1739.240000000000            4.080898380720
       1770.330000000000            3.946952956856
       1801.980000000000            3.817150420334
       1834.200000000000            3.691388004451
       1866.990000000000            3.569599693544
       1900.370000000000            3.451644326386
       1934.350000000000            3.337421886015
       1968.930000000000            3.226864840752
       2004.130000000000            3.119841634447
       2039.960000000000            3.016256692625
       2076.430000000000            2.916016009350
       2113.550000000000            2.819027132918
       2151.340000000000            2.725175045040
       2189.800000000000            2.634397187049
       2228.950000000000            2.546583988173
       2268.800000000000            2.461652676584
       2309.360000000000            2.379521837912
       2350.650000000000            2.300092685367
       2392.670000000000            2.223307230955
       2435.450000000000            2.149054298145
       2478.990000000000            2.077279218756
       2523.310000000000            2.007894460875
       2568.420000000000            1.940831425343
       2614.340000000000            1.876008768190
       2661.080000000000            1.813362129761
       2708.650000000000            1.752828075804
       2757.080000000000            1.694320712877
       2806.370000000000            1.637793413814
       2856.540000000000            1.583176842225
       2907.610000000000            1.530404786552
       2959.590000000000            1.479423519325
       3012.510000000000            1.430161907327
       3066.360000000000            1.382587801371
       3121.180000000000            1.336625208745
       3176.990000000000            1.292219615778
       3233.780000000000            1.249340727457
       3291.600000000000            1.207913933956
       3350.440000000000            1.167910807992
       3410.340000000000            1.129269258821
       3471.310000000000            1.091949706422
       3533.370000000000            1.055907196104
       3596.540000000000            1.021098668880
       3660.840000000000            0.987482433949
       3726.290000000000            0.955018492303
       3792.910000000000            0.923668115228
       3860.720000000000            0.893394012924
       3929.740000000000            0.864160108263
       4000.000000000000            0.835927704912
